000051233
00405079202
00409010901
01774643430
09005012903
103050999
105070010
110090808
111010412
11107040907
111090701
113080301
14209020501
15411202601
19102010109
301030303
302039301
303040608
303041001
303070902
303091314
306050202
30802130401
310160802
312060405
312060611
312061102
409054017
409060919
5003012903
5005012905
50126
50309
504010509
505041001
505121305
5101030209
5101030314
5101030401
5101030615
5101030617
5101030905
5101050519
5101050520
5101050610
5101050701
5101050914
5101051006
5102010411
5102010604