91108020101
91108020102
91108020103
91108020104
91108020105
91108020106
91108020107
91108020201
91108020202
91108020203
91108020204
91108020205
91108020206
91108020207
91108020301
91108020302
91108020303
91108020304
91108020305
91108020306
91108020307
91108020308
91108020309
91108020310
91108020401
91108020402
91108020403
91108020404
91108020405
91108020501
91108020502
91108020503
91108020504
91108020505
91108020506
91108020601
91108020602
91108020603
91108020604
91108020605
91108020607
91108020608
91108020609
91108020610
91108020611
91108020612
91108020613
91108020701
91108020702
91108020703
91108020704
91108020705
91108020706
91108020707
91108020802
91108020803
91108020804
91108020805
91108020806
91108020807
91108020808
91108020809
91108020810
91108020901
91108020902
91108020903
91108020904
91108020905
91108020906
91108020907
91108020908
91108020909
91108020911
91108021001
91108021002
91108021003
91108021004
91108021005
91108021006
91108021007
91108021008
91108021009
91108021102
91108021103
91108021104
91108021105
91108021106
91108021107
91108021108
91108021109
91108021110
91108021111
91108021112
91108021201
91108021202
91108021203
91108021204
91108021205
91108021206
91108021207
91108021208
91108021209
91108021210
91108021301
91108021302
91108021303
91108021304
91108021305
91108021306
91108021307
91108021308
91108021309
91108021310
91108021401
91108021402
91108021403
91108021404
91108021405
91108021406
91108021407
91108021408
91108021409
91108021410
91108021411
91108021412
91108021502
91108021503
91108021504
91108021505
91108021506
91108021507
91108021508
91108021509
91108021510
91108021601
91108021602
91108021603
91108021604
91108021605
91108021606
91108021607
91108021608
91108021609
91108021701
91108021702
91108021703
91108021704
91108021705
91108021706
91108021707
91108021708
91108021709
91708021581
91708021582
99108020101
99108020103
99108020104
99108020105
99108020213
99108020214
99108020215
99108020316
99108020403
99108020404
99108020505
99108020509
99108020510
99108020511
99108020512
99108020513
99108020601
99108020602
99108020603
99108020604
99108020605
99108020606
99108020607
99108020609
99108020610
99108020701
99108020702
99108020703
99108020704
99108020705
99108020712
99108020801
99108020802
99108020803
99108020804
99108020806
99108020807
99108020901
99108020902
99108020903
99108020904
99108020905
99108020906
99108020907
99108020908
99108020909
99108020910
99108020911
99108020913
99108021002
99108021003
99108021004
99108021005
99108021006
99108021014
99108021015
99108021104
99108021105
99108021106
99108021107
99108021110
99108021202
99108021301
99108021303
99108021304
99108021305
99108021306
99108021401
99108021402
99108021403
99108021404
99108021405
99108021406
99108021410
99108021502
99108021503
99108021504
99108021606
99108021607
99108021608
99108021702
99108021703
99108021705
99108021706
99108021712
99108021716
99108021719
99108021720
99108021802
99108021803
99108021804
99108021805
99708029001
99708029002
99708029003
99708029004
99708029005
99708029006
99708029007
99708029008
99708029201
99708029202
99708029203
99708029204
99708029205
99708029206
99708029207
99708029208
99708029209
99708029301
99708029302
91103051303
5108020106
5108020109
5108020212
5108020304
5108020611
5108020612
5108020614
5108020708
5108020808
5108021408
5108021410
5108021808
91108021211
91108021712
5108020102
5108020616
5108021614
99708021301
5108020401
5108020107
5108020301
5108020311
5108020312
5108020506
5108020917
5108021307
5108021508
5108021609
5108021709
5108021710
99108020212
99108020309
99108020315
99108021801
108020101
91108020513
99108020503
99108021007
99108050909
91991080203
91108021101
91601070101
91601070102
91601070103
91601070104
91601070105
91601070106
91601070107
91601070108
91601070109
91601070110
91601070111
91601070112
91601070201
91601070202
91601070203
91601070204
91601070205
91601070206
91601070207
91601070208
91601070209
91601070210
91601070211
91601070212
91601070301
91601070302
91601070303
91601070304
91601070305
91601070306
91601070307
91601070308
91601070309
91601070401
91601070402
91601070403
91601070404
91601070405
91601070406
91601070407
91601070408
91601070409
91601070501
91601070502
91601070503
91601070504
91601070505
91601070506
91601070507
91601070508
91601070509
91601070510
91601070601
91601070602
91601070603
91601070604
91601070701
91601070702
91601070703
91601070704
91601070705
91601070706
91601070801
91601070802
91601070803
91601070804
91601070805
91601070806
91601070807
91601070808
91601070809
91601070810
91601070811
91601070812
91601070813
91601070901
91601070902
91601070903
91601070904
91601070905
91601070906
91601070907
91601070908
91601070909
91601070910
91601070911
91601070912
91601071001
91601071002
91601071003
91601071004
91601071005
91601071006
91601071007
91601071008
91601071009
91601071010
91601071011
91601071581
91601071582
91601071583
91601071584
99601070101
99601070102
99601070103
99601070104
99601070105
99601070106
99601070107
99601070108
99601070201
99601070202
99601070203
99601070204
99601070205
99601070206
99601070207
99601070208
99601070209
99601070210
99601070301
99601070302
99601070305
99601070306
99601070307
99601070401
99601070402
99601070404
99601070406
99601070407
99601070408
99601070409
99601070410
99601070411
99601070421
99601070501
99601070502
99601070505
99601070601
99601070602
99601070603
99601070604
99601070701
99601070702
99601070703
99601070704
99601070705
99601070706
99601070801
99601070802
99601070803
99601070804
99601070806
99601070807
99601070901
99601070902
99601070903
99601070904
99601070905
99601070906
99601070907
99601070908
99601070909
99601070911
99601070912
99601070913
99601070914
99601070917
99601071001
99601071002
99601071003
99601071007
99601071008
99601079001
99601079002
99601079003
99601079004
99601079005
99601079006
99601079007
99601079008
99601079009
99601079010
99601079011
99601079012
99601079013
99601079014
99601079015
99601079016
99601079202
99601079203
91601070000
91607010807
91110050101
91110050102
91110050103
91110050104
91110050105
91110050106
91110050107
91110050108
91110050109
91110050110
91110050111
91110050112
91110050201
91110050202
91110050203
91110050204
91110050205
91110050206
91110050207
91110050208
91110050209
91110050210
91110050211
91110050301
91110050302
91110050303
91110050304
91110050305
91110050306
91110050307
91110050308
91110050401
91110050402
91110050403
91110050404
91110050405
91110050406
91110050407
91110050408
91110050409
91110050410
91110050501
91110050502
91110050503
91110050504
91110050505
91110050506
91110050507
91110050508
91110050601
91110050602
91110050603
91110050604
91110050605
91110050701
91110050702
91110050703
91110050704
91110050705
91110050706
91110050707
91110050708
91110050709
91110050710
91110050801
91110050802
91110050803
91110050804
91110050805
91110050806
91110050807
91110050808
91110050809
91110050810
91110050811
91110050812
91110050901
91110050902
91110050903
91110050904
91110050905
91110050906
91110050907
91110050908
91110050909
91110050910
91110050911
91110050912
91110051001
91110051002
91110051003
91110051004
91110051005
91110051006
91110051007
91110051008
91110051581
99110050101
99110050102
99110050104
99110050105
99110050201
99110050202
99110050203
99110050204
99110050205
99110050206
99110050207
99110050208
99110050209
99110050301
99110050302
99110050303
99110050304
99110050305
99110050306
99110050307
99110050308
99110050309
99110050310
99110050311
99110050312
99110050313
99110050314
99110050315
99110050316
99110050317
99110050318
99110050401
99110050402
99110050403
99110050404
99110050405
99110050406
99110050407
99110050408
99110050409
99110050410
99110050411
99110050501
99110050502
99110050503
99110050504
99110050505
99110050601
99110050602
99110050603
99110050604
99110050605
99110050606
99110050701
99110050702
99110050703
99110050704
99110050705
99110050706
99110050707
99110050708
99110050801
99110050802
99110050803
99110050804
99110050805
99110050901
99110050902
99110050903
99110050904
99110050905
99110050906
99110050907
99110050908
99110050909
99110050910
99110050911
99110050912
99110050914
99110051001
99110051002
99110051003
99110051004
99110051005
99110051006
99110051007
99110051008
99110051009
99110051010
99110051011
99110051012
99110051013
99110051014
99110051015
99110051016
99110051017
99110051018
99110059001
99110059201
99110059202
99110059203
99110059204
99110059301
91110050913
57603012901
57603050540
57603019903
5110050323
5110050410
5110050509
5110050322
5110050325
5110050326
5110050327
5110050328
5110050330
5110050409
5110050508
5110050612
5110050914
5110051017
5110051601
5110051701
99110051801
91115010101
91115010102
91115010103
91115010104
91115010105
91115010106
91115010107
91115010108
91115010109
91115010201
91115010202
91115010203
91115010204
91115010205
91115010206
91115010207
91115010208
91115010209
91115010210
91115010211
91115010212
91115010213
91115010214
91115010301
91115010303
91115010304
91115010305
91115010306
91115010307
91115010308
91115010309
91115010310
91115010311
91115010312
91115010313
91115010401
91115010402
91115010403
91115010404
91115010405
91115010406
91115010407
91115010408
91115010409
91115010410
91115010411
91115010412
91115010501
91115010502
91115010503
91115010504
91115010505
91115010506
91115010507
91115010508
91115010509
91115010510
91115010511
91115010512
91115010513
91115010514
91115010515
91115010603
91115010604
91115010605
91115010607
91115010608
91115010609
91115010701
91115010702
91115010703
91115010704
91115010705
91115010706
91115010707
91115010708
91115010709
91115010710
91115010711
91115010712
91115010713
91115010714
91115010730
91115010801
91115010802
91115010803
91115010804
91115010805
91115010806
91115010807
91115010808
91115010809
91115010810
91115010901
91115010902
91115010903
91115010904
91115010905
91115010906
91115010907
91115010908
91115011001
91115011002
91115011003
91115011004
91115011005
91115011006
91115011007
91115011008
91115011009
91115011010
91115011011
91115011101
91115011102
91115011103
91115011104
91115011105
91115011106
91115011107
91115011108
91115011109
91115011110
91115011111
91115011112
91115011113
91115011201
91115011202
91115011203
91115011204
91115011205
91115011206
91115011301
91115011302
91115011303
91115011304
91115011305
91115011306
91115011307
91115011308
91115011309
91115011401
91115011402
91115011403
91115011404
91115011405
91115011406
91115011407
91115011581
91115011582
91115011583
91115012084
99115019001
99115019002
99115019003
99115019004
99115019005
99115019006
99115019007
99115019008
99115019009
99115019010
99115019011
99115019012
99115019013
99115019014
99115019015
99115019016
99115019017
99115019018
99115019019
99115019020
99115019021
99115019022
99115019023
99115019024
99115019025
99115019026
99115019027
99115019028
99115019029
99115019030
99115019031
99115019032
99115019033
99115019034
99115019035
99115019036
99115019037
99115019038
99115019039
99115019040
99115019041
99115019042
99115019043
99115019044
99115019045
99115019046
99115019047
99115019048
99115019049
99115019050
99115019051
99115019052
99115019053
99115019054
99115019055
99115019056
99115019057
99115019058
99115019059
99115019061
99115019062
99115019063
99115019064
99115019065
99115019066
99115019067
99115019068
99115019069
99115019070
99115019071
99115019072
99115019073
99115019074
99115019075
99115019076
99115019077
99115019078
99115019079
99115019080
99115019082
99115019083
99115019085
99115019086
99115019087
99115019088
99115019089
99115019090
99115019091
99115019092
99115019093
99115019094
99115019095
99115019096
99115019097
99115019098
99115019099
99115019100
99115019101
99115019102
99115019103
99115019104
99115019105
99115019106
99115019107
99115019108
99115019109
99115019110
99115019111
99115019112
99115019113
99115019114
99115019115
99115019116
99115019117
99115019201
99115019202
99115019203
99115019204
99115019205
99115019206
99115019207
99115019301
99115019302
5115010919
5115010920
5115011412
5115011620
5115011318
5115011108
5115011160
5115011201
5115011301
5115011302
5115011401
5115011513
5115011619
5115011621
5115011901
5115012201
99115010402
99115010713
99115010902
99115011001
91115019077
99115012084
99115011583
99115011084
99115011582
99115011581
91911501108
99115019084
91207010101
91207010102
91207010103
91207010104
91207010105
91207010106
91207010107
91207010201
91207010202
91207010203
91207010204
91207010205
91207010206
91207010207
91207010301
91207010302
91207010303
91207010304
91207010305
91207010306
91207010307
91207010401
91207010402
91207010403
91207010404
91207010405
91207010406
91207010407
91207010501
91207010502
91207010503
91207010504
91207010505
91207010506
91207010507
91207010601
91207010602
91207010603
91207010604
91207010605
91207010606
91207010701
91207010702
91207010703
91207010704
91207010705
91207010706
91207010707
91207010801
91207010802
91207010803
91207010804
91207010805
91207010806
91207010807
91207010901
91207010902
91207010903
91207010904
91207010905
91207010906
91207010907
91207010908
91207010909
91207010910
91207011001
91207011002
91207011003
91207011004
91207011005
91207011006
91207011007
91207011008
91207011101
91207011102
91207011103
91207011104
91207011106
91207011107
91207011201
91207011202
91207011203
91207011204
91207011205
91207011206
91207011207
91207011208
91207011209
91207011301
91207011302
91207011303
91207011304
91207011581
99207010101
99207010102
99207010201
99207010202
99207010301
99207010302
99207010303
99207010501
99207010502
99207010503
99207010504
99207010701
99207010702
99207010703
99207010704
99207010705
99207010706
99207010801
99207010802
99207010803
99207010804
99207010805
99207010806
99207010807
99207010901
99207011001
99207011002
99207011003
99207011004
99207011005
99207011101
99207011103
99207011104
99207011105
99207011106
99207011107
99207011201
99207011202
99207011205
99207011207
99207011301
99207011401
99207011402
99207011403
99207011404
99207011405
99207011406
99207011407
99207011502
99207011503
99207011504
99207011505
99207011601
99207011602
99207019201
99207019202
99207019203
99207019204
99207019301
99207019302
99207019303
5207010258
5207010460
5207010651
5207010661
5207010757
5207011152
5207011153
5207011154
5207011156
5207011159
5207011350
5207011755
91207011503
91207011030
99207011204
91992070114
91207010002
