91602060101
91602060102
91602060103
91602060104
91602060105
91602060201
91602060202
91602060203
91602060204
91602060205
91602060206
91602060207
91602060208
91602060301
91602060302
91602060303
91602060304
91602060305
91602060306
91602060307
91602060308
91602060401
91602060402
91602060403
91602060404
91602060405
91602060406
91602060407
91602060408
91602060409
91602060501
91602060502
91602060503
91602060504
91602060505
91602060506
91602060507
91602060508
91602060509
91602060510
91602060511
91602061581
91602061582
91602061583
91602061584
91602061585
91602061586
99602060101
99602060102
99602060103
99602060201
99602060202
99602060203
99602060205
99602060301
99602060401
99602060402
99602060501
99602060502
99602060503
99602069001
99602069002
99602069003
99602069004
99602069005
99602069006
99602069007
99602069008
99602069009
99602069010
99602069201
99602069202
556208
556209
91602060002
91604020101
91604020102
91604020103
91604020104
91604020105
91604020106
91604020107
91604020108
91604020201
91604020202
91604020203
91604020204
91604020205
91604020206
91604020207
91604020208
91604020209
91604020210
91604020211
91604020212
91604020213
91604020301
91604020302
91604020303
91604020304
91604020305
91604020306
91604020401
91604020402
91604020403
91604020404
91604020405
91604020406
91604020407
91604020501
91604020502
91604020503
91604020504
91604020505
91604020506
91604020507
91604020508
91604020509
91604020510
91604020511
91604020512
91604020601
91604020602
91604020603
91604020604
91604020605
91604020606
91604020607
91604020608
91604020609
91604020610
91604020611
91604020612
91604020613
91604020701
91604020702
91604020703
91604020704
91604020705
91604020706
91604020707
91604020708
91604020709
91604020710
91604020711
91604020712
91604020713
91604020714
91604020801
91604020802
91604020803
91604020804
91604020805
91604020901
91604020902
91604020903
91604020904
91604020905
91604020906
91604020907
91604020908
91604020909
91604020910
91604021581
91604029006
99604020105
99604020106
99604020107
99604020108
99604020109
99604020202
99604020203
99604020204
99604020205
99604020206
99604020207
99604020304
99604020305
99604020306
99604020307
99604020401
99604020402
99604020403
99604020509
99604020510
99604020511
99604020512
99604020513
99604020514
99604020516
99604020517
99604020604
99604020605
99604020606
99604020607
99604020608
99604020609
99604020701
99604020702
99604020703
99604020704
99604020706
99604020708
99604020709
99604020710
99604020801
99604020802
99604020803
99604020804
99604020805
99604020806
99604020807
99604020808
99604020809
99604020903
99604020904
99604020905
99604020906
99604020907
99604029001
99604029002
99604029003
99604029004
99604029005
99604029006
99604029301
99604020208
99604020613
99604020405
91604020720
91604029004
91604020002
91916040202
99604020720
91604020340
91604020000
91604020001
91107090101
91107090102
91107090103
91107090104
91107090105
91107090107
91107090108
91107090201
91107090202
91107090203
91107090204
91107090205
91107090206
91107090301
91107090302
91107090303
91107090304
91107090305
91107090306
91107090307
91107090308
99107090101
99107090102
99107090103
99107090104
99107090105
99107090106
99107090107
99107090108
99107090109
99107090110
99107090111
99107090112
99107090113
99107090201
99107090202
99107090203
99107090205
99107090301
99107090302
99107090303
99107090304
99107090305
99107090306
99107090307
99107090308
99107090309
99107090310
99107090311
99107090312
99107090313
99107090314
99107090315
99107090316
99707099201
91911070903
105020901
91501080001
91501080101
91501080102
91501080103
91501080104
91501080105
91501080106
91501080107
91501080108
91501080109
91501080110
91501080111
91501080201
91501080202
91501080203
91501080204
91501080205
91501080206
91501080207
91501080301
91501080302
91501080303
91501080304
91501080305
91501080306
91501080307
91501080308
91501080309
91501080401
91501080402
91501080403
91501080404
91501080405
91501080406
91501080407
91501080408
91501080409
91501080410
91501080411
91501080412
91501080413
91501080414
91501080501
91501080502
91501080503
91501080504
91501080505
91501080506
91501080507
91501080508
91501080509
91501080510
91501080511
91501080601
91501080602
91501080603
91501080604
91501080605
91501080606
91501080607
91501080608
91501080609
91501080610
91501080611
91501080612
91501080613
91501080614
91501080615
91501080701
91501080702
91501080703
91501080704
91501080705
91501080706
91501080707
91501080708
91501080709
91501080710
91501081581
91501081582
91501081583
99501089001
99501089002
99501089003
99501089004
99501089005
99501089006
99501089007
99501089008
99501089009
99501089010
99501089011
99501089012
99501089013
99501089014
99501089015
99501089016
99501089017
99501089018
99501089019
99501089020
99501089021
99501089022
99501089023
99501089024
99501089025
99501089026
99501089027
99501089028
99501089029
99501089030
99501089031
99501089032
99501089033
99501089034
99501089035
99501089036
99501089037
99501089038
99501089039
99501089040
99501089041
99501089042
99501089043
99501089044
99501089045
99501089046
99501089047
99501089201
99501089202
99501089203
99501089204
99501089301
99505030106
99505030108
99505030211
99505030216
91501080719
99501080713
5501080310
5501080414
5501080415
5501080617
5501080712
91501080000
91501089016
91501080002
99550105456
99501081583
99501081582
91113030101
91113030102
91113030103
91113030104
91113030105
91113030106
91113030107
91113030108
91113030201
91113030202
91113030203
91113030204
91113030205
91113030206
91113030207
91113030208
91113030209
91113030301
91113030302
91113030303
91113030306
91113030307
91113030308
91113030401
91113030402
91113030403
91113030404
91113030405
91113030406
91113030407
91113030408
91113030409
91113030501
91113030502
91113030503
91113030504
91113030505
91113030506
91113030507
91113030601
91113030602
91113030603
91113030604
91113030605
91113030606
91113030607
91113030608
91113030701
91113030801
91113031584
99113030101
99113030102
99113030103
99113030104
99113030105
99113030106
99113030107
99113030108
99113030109
99113030110
99113030111
99113030112
99113030113
99113030126
99113030201
99113030202
99113030203
99113030204
99113030205
99113030206
99113030207
99113030208
99113030209
99113030210
99113030211
99113030212
99113030301
99113030302
99113030303
99113030304
99113030305
99113030306
99113030307
99113030308
99113030309
99113030310
99113030311
99113030312
99113030313
99113030314
99113030315
99113030401
99113030402
99113030403
99113030404
99113030405
99113030406
99113030407
99113030408
99113030409
99113030501
99113030502
99113030503
99113030504
99113030505
99113030506
99113030601
99113030602
99113030603
99113030604
99113030605
99113030606
99113030607
99113030608
99113030609
99113030610
99113030611
99113030612
99113030613
99113030801
99113030802
99113030803
99113030804
99113039001
99113039002
99113039003
99113039201
99113039202
5113030121
5113030321
5113030120
5113030122
5113030123
5113030124
5113030125
5113030160
5113030213
5113030214
5113030216
5113030317
5113030318
5113030319
5113030322
5113030323
5113030324
5113030326
5113030405
5113030410
5113030411
5113030412
5113030413
5113030619
5113030807
5113030808
5113030901
5113030902
5113030903
5113030904
5113030905
91208070101
91208070102
91208070103
91208070104
91208070105
91208070106
91208070107
91208070108
91208070109
91208070110
91208070111
91208070112
91208070113
91208070114
91208070115
91208070116
91208070117
91208070118
91208070119
91208070120
91208070121
91208070122
91208070123
91208070124
91208070125
91208070126
91208070127
91208070128
91208070129
91208070130
91208070131
91208070132
91208070133
91208070201
91208070202
91208070203
91208070204
91208070205
91208070206
91208070301
91208070302
91208070303
91208070304
91208070305
91208070306
91208070308
91208070309
91208070310
91208070401
91208070402
91208070403
91208070404
91208070405
91208070406
91208070407
91208070408
91208070501
91208070502
91208070503
91208070504
91208070601
91208070602
91208070603
91208070604
91208070605
91208070701
91208070702
91208070703
91208070704
91208070705
91208070706
91208070707
91208070708
91208070801
91208070802
91208070803
91208070804
91208070805
91208070806
91208070807
91208070808
91208070901
91208070902
91208070903
91208070904
91208070905
91208070906
91208071001
91208071002
91208071003
91208071004
91208071005
91208071006
91208071101
91208071102
91208071103
91208071104
91208071105
91208071106
91208071107
91208071108
91208071109
91208071201
91208071202
91208071203
91208071204
91208071205
91208071206
91208071207
91208071208
91208071209
91208071210
91208071211
91208071212
91208071213
91208071301
91208071302
91208071303
91208071304
91208071305
91208071306
91208071307
91208071401
91208071402
91208071403
91208071404
91208071405
91208071406
91208071407
91208071501
91208071502
91208071503
91208071504
91208071505
91208071506
91208071507
91208071508
91208071509
91208071510
91208071511
94208070102
99208070202
99208070401
99208070402
99208070403
99208070404
99208070405
99208070406
99208070407
99208070501
99208070502
99208070601
99208070602
99208070603
99208070701
99208070702
99208070801
99208070803
99208070804
99208070901
99208071001
99208071002
99208071003
99208071004
99208071101
99208071102
99208071103
99208071104
99208071105
99208071107
99208071110
99208071201
99208071202
99208071203
99208071204
99208071207
99208071301
99208071302
99208071401
99208071402
99208071501
99208071601
99208071602
99208071607
99208071701
99208071109
99208071703
99208071704
99208071702
99208079002
99208079003
99208079004
99208079005
99208079006
99208079007
99208079008
99208079009
99208079010
99208079201
99208079202
99208079203
99208079301
99208070505
5208070503
5208071201
5208071206
5208071301
5208071706
5208056408
5208071604
5208070133
5208070604
5208071006
91407030101
91407030102
91407030103
91407030104
91407030105
91407030106
91407030107
91407030108
91407030109
91407030110
91407030111
91407030113
91407030114
91407030201
91407030202
91407030203
91407030204
91407030205
91407030206
91407030207
91407030208
91407030209
91407030301
91407030302
91407030303
91407030304
91407030305
91407030306
91407030307
91407030401
91407030402
91407030403
91407030404
91407030405
91407030406
91407030407
91407030408
91407030501
91407030502
91407030503
91407030504
91407030505
91407030506
91407030507
91407030508
91407030509
91407030510
91407030511
91407030512
91407030513
91407030701
91407030702
91407030704
91407030705
91407030706
91407030707
91407030708
91407030709
91407030801
91407030802
91407030803
91407030804
91407030805
91407030806
91407030807
91407030808
91407030901
91407030902
91407030903
91407030904
91407030905
91407030906
91407030907
91407030908
91407031001
91407031002
91407031003
91407031004
91407031005
91407031006
91407031007
91407031008
91407031009
91407031010
91407031011
91407031101
91407031102
91407031103
91407031104
91407031105
91407031106
91407031107
91407031201
91407031202
91407031203
91407031204
91407031206
91407031581
91407031582
91407031583
91407031584
94407031202
99407039001
99407039002
99407039003
99407039004
99407039005
99407039006
99407039007
99407039008
99407039009
99407039010
99407039011
99407039012
99407039014
99407039015
99407039016
99407039017
99407039018
99407039019
99407039020
99407039021
99407039022
99407039023
99407039024
99407039025
99407039026
99407039027
99407039028
99407039029
99407039030
99407039031
99407039032
99407039033
99407039034
99407039035
99407039037
99407039038
99407039039
99407039040
99407039041
99407039042
99407039043
99407039044
99407039045
99407039046
99407039047
99407039048
99407039049
99407039050
99407039201
99407039202
99407039203
99407072101
99407080503
99407081106
91407031207
91407030308
91914070301
407030401
99407030313
91914070303
91994070307
91914070310
91414030101
91414030102
91414030103
91414030104
91414030105
91414030106
91414030107
91414030108
91414030109
91414030110
91414030111
91414030112
91414030201
91414030202
91414030203
91414030204
91414030205
91414030206
91414030207
91414030208
91414030209
91414030210
91414030211
91414030302
91414030307
91414030308
91414030309
91414030310
91414030311
91414030312
91414030313
91414030315
91414030316
91414030317
91414030318
91414030319
91414030320
91414030321
91414030402
91414030403
91414030405
91414030406
91414030407
91414030408
91414030409
91414030410
91414030411
91414030412
99414020106
99414020401
99414030104
99414030106
99414030109
99414030205
99414030206
99414030207
99414030209
99414030210
99414030211
99414030212
99414030213
99414030215
99414030303
99414039201
99414039202
99414039203
99414039204
99414039205
99414039206
99414039301
99414040201
5414030301
91414030306
99414030108
91914140301
99914140301
91914140304
91414030001
414030403
91414090101
91414090102
91414090103
91414090201
91414090202
91414090203
91414090204
91414090205
91414090206
91414090207
91414090208
91414090209
91414090210
91414090301
91414090302
91414090303
91414090304
91414090305
91414090306
91414091581
91414091582
91414091583
91414091584
99414030105
99414030214
99414060306
99414060606
99414080501
99414090101
99414090106
99414090201
99414090202
99414090303
99414090304
99414099201
99414099301
99414099302
99414100201
99414100202
91414090308